MeshAnim
1
96
58
60
-0.4285819 -0.03165288 0.9029484 0
0.03524066 -0.9992112 -0.0183005 0
0.9028156 0.02397723 0.4293592 0
-4.168885 1.667096 -1.73887 1

-0.4481505 -0.06830933 0.8913445 0
0.06902884 -0.9967435 -0.0416804 0
0.8912891 0.04284938 0.4514064 0
-4.118215 1.670839 -1.84571 1

0.3502656 0.0460126 -0.9355196 0
0.04199933 -0.9985595 -0.0333883 0
-0.9357085 -0.02759642 -0.3516935 0
-4.288236 1.651263 -1.420085 1

0.22258 0.8881072 -0.4021486 0
0.2276253 -0.4484364 -0.8643446 0
-0.947969 0.1008466 -0.3019686 0
-4.598296 1.352811 -1.901315 1

0.1287375 -0.9570444 -0.2597937 0
-0.4295345 -0.2899376 0.8552408 0
-0.8938273 0.001488764 -0.4484094 0
-3.723208 1.378619 -1.572406 1

-0.4213077 -0.06559981 0.9045421 0
0.0812401 -0.9961006 -0.03440078 0
0.9032719 0.05899179 0.4249942 0
-3.896681 1.704574 -2.285856 1

0.3502656 0.0460126 -0.9355196 0
0.04199933 -0.9985595 -0.0333883 0
-0.9357085 -0.02759642 -0.3516935 0
-4.414386 1.634692 -1.083153 1

0.2355074 -0.416103 -0.8782907 0
-0.2142227 -0.9037079 0.3707027 0
-0.947969 0.1008466 -0.3019686 0
-4.710161 0.9064635 -1.699202 1

-0.1573344 -0.9374601 0.3105068 0
-0.4199037 0.3480896 0.8381618 0
-0.8938273 0.001488764 -0.4484094 0
-3.658506 0.8976255 -1.702974 1

-0.3189309 -0.0509339 0.9464084 0
0.09762631 -0.9950088 -0.02065034 0
0.9427367 0.08580831 0.3223116 0
-3.698875 1.735394 -2.711011 1

-0.3213018 -0.4253755 0.8460619 0
-0.1632545 0.904939 0.3929797 0
-0.9327986 -0.01185833 -0.3602031 0
-4.783935 1.036811 -1.424071 1

0.01128664 0.9999285 0.003928257 0
0.4434646 -0.001484595 -0.896291 0
-0.8962212 0.01185814 -0.4434496 0
-3.707793 0.603959 -1.605705 1

0.7615782 0.6362829 0.1230558 0
0.1519773 0.009238994 -0.9883409 0
-0.6300015 0.7714004 -0.0896644 0
-3.959931 1.703697 -2.812515 1

-0.2422697 0.1241932 0.9622273 0
0.1077866 -0.9821885 0.1539081 0
0.9642031 0.1410024 0.2245681 0
-3.579352 1.703516 -3.052121 1

0.4484838 -0.85741 -0.2524098 0
-0.3821713 -0.4392447 0.8130249 0
-0.8079654 -0.2681647 -0.5246716 0
-3.425225 1.655621 -2.636033 1

-0.08352097 0.9712144 0.2230835 0
0.3558607 0.2381736 -0.9036795 0
-0.9307994 0.003910466 -0.3655096 0
-4.787398 0.9250125 -1.410264 1

0.4540621 2.983958E-06 -0.8909701 0
1.273397E-06 -0.9999999 -2.752681E-06 0
-0.8909702 1.069857E-07 -0.4540621 0
-3.666639 0.5434766 -1.691436 1

0.1883661 0.946355 -0.2625459 0
0.1123043 -0.2863337 -0.9515254 0
-0.9756569 0.1497502 -0.1602152 0
-4.218276 1.487855 -2.854258 1

-0.02089192 -0.9997596 -0.006657771 0
0.4005339 -0.002268158 -0.9162791 0
0.9160439 -0.02180946 0.400485 0
-3.503853 1.664813 -3.351981 1

0.2054449 -0.9511536 -0.2304332 0
-0.2845352 -0.2833356 0.9158389 0
-0.9363935 -0.1225881 -0.3288465 0
-3.273089 1.364768 -2.721656 1

-0.1701011 0.8889607 0.4252222 0
0.3166962 0.4579347 -0.8306622 0
-0.9331502 -0.006630304 -0.3594257 0
-4.772175 0.7600068 -1.447718 1

0.4481543 -0.000315737 -0.8939564 0
-0.01144342 -0.99992 -0.005383768 0
-0.8938833 0.01264266 -0.448122 0
-3.590504 0.5434406 -1.843307 1

-0.02089192 -0.9997596 -0.006657771 0
0.4005339 -0.002268158 -0.9162791 0
0.9160439 -0.02180946 0.400485 0
-3.499663 1.865337 -3.350645 1

-0.2437847 0.7626413 0.5991226 0
-0.3184975 -0.6464544 0.6932939 0
0.9160397 -0.02180457 0.4004948 0
-3.494386 1.567953 -3.37891 1

-0.4014642 0.0008846372 0.9158745 0
-0.02032776 -0.9997618 -0.007944857 0
0.9156493 -0.0218072 0.4013865 0
-3.537225 1.609051 -3.624859 1

0.4234543 -0.9032202 0.06985582 0
0.8900038 0.4291668 0.1539785 0
-0.1690563 -0.003030784 0.9856018 0
-3.652335 1.761955 -3.463049 1

-0.3996612 0.0008417293 0.9166627 0
-0.0203303 -0.9997616 -0.007945967 0
0.9164377 -0.02181168 0.3995831 0
-3.283229 1.603004 -3.513815 1

0.3745621 0.8842209 0.2790287 0
0.6994943 -0.4670101 0.5409338 0
0.6086141 -0.007434351 -0.7934317 0
-3.317767 1.75399 -3.316779 1

-0.1701011 0.8889607 0.4252222 0
0.3166962 0.4579347 -0.8306622 0
-0.9331502 -0.006630304 -0.3594257 0
-4.735646 0.5691034 -1.539034 1

0.4481543 -0.000315737 -0.8939564 0
-0.01144342 -0.99992 -0.005383768 0
-0.8938833 0.01264266 -0.448122 0
-3.494263 0.5433729 -2.035284 1

0.2054449 -0.9511536 -0.2304332 0
-0.3373891 -0.2898557 0.8956295 0
-0.9186739 -0.1062569 -0.3804583 0
-3.222489 1.130505 -2.77841 1

0.1883661 0.946355 -0.2625459 0
0.3560716 -0.3149508 -0.8797836 0
-0.9152767 0.07223637 -0.3962961 0
-4.264669 1.254774 -2.789594 1

-0.283783 -0.3867207 0.8774477 0
-0.09634703 0.9219363 0.375168 0
-0.9540361 0.02192679 -0.2988892 0
-3.537225 1.609051 -3.624859 1

-0.466774 -0.3823639 0.7974459 0
-0.1730823 0.9237632 0.34162 0
-0.8672745 0.02143551 -0.4973691 0
-3.283229 1.603004 -3.513815 1

-0.2557817 0.5483581 0.7961655 0
0.1926293 0.8359562 -0.5138785 0
-0.947349 0.02192401 -0.3194521 0
-3.537555 1.594705 -3.624865 1

-0.388765 0.5515242 0.7380265 0
0.2797919 0.833881 -0.475772 0
-0.8778261 0.02153035 -0.4784957 0
-3.283574 1.588658 -3.513827 1

-0.1835696 0.9569405 0.2248712 0
0.5781009 0.2901119 -0.7626497 0
-0.7950482 -0.01000087 -0.6064638 0
-4.311063 1.021692 -2.724931 1

-0.2437847 0.7626413 0.5991226 0
-0.3184975 -0.6464544 0.6932939 0
0.9160397 -0.02180457 0.4004948 0
-3.356259 1.135843 -3.718371 1

-0.3055979 0.608768 0.7321286 0
-0.2597722 -0.7930489 0.5509923 0
0.9160397 -0.02180457 0.4004948 0
-3.473214 1.4547 -3.433502 1

-0.4014642 0.0008846372 0.9158745 0
-0.02032776 -0.9997618 -0.007944857 0
0.9156493 -0.0218072 0.4013865 0
-3.49881 1.608967 -3.712497 1

0.4234543 -0.9032202 0.06985582 0
0.8900038 0.4291668 0.1539785 0
-0.1690563 -0.003030784 0.9856018 0
-3.713863 1.893192 -3.473199 1

-0.3996612 0.0008417293 0.9166627 0
-0.0203303 -0.9997616 -0.007945967 0
0.9164377 -0.02181168 0.3995831 0
-3.244987 1.602924 -3.601528 1

0.3745621 0.8842209 0.2790287 0
0.6994943 -0.4670101 0.5409338 0
0.6086141 -0.007434351 -0.7934317 0
-3.263344 1.882466 -3.276237 1

0.3511113 -0.7360358 -0.578768 0
-0.265264 -0.6709892 0.6923935 0
-0.8979736 -0.08958095 -0.4308357 0
-3.171889 0.8962412 -2.835165 1

-0.1835696 0.9569405 0.2248712 0
0.578102 0.2901119 -0.762649 0
-0.7950475 -0.01000051 -0.6064647 0
-4.287598 0.8993691 -2.753675 1

-0.3194591 0.5641053 0.7614011 0
-0.2425233 -0.825415 0.5097772 0
0.9160397 -0.02180457 0.4004948 0
-3.412356 1.333467 -3.579301 1

0.3511113 -0.7360358 -0.578768 0
-0.2679588 -0.6712549 0.6910967 0
-0.897173 -0.08756598 -0.4329125 0
-3.127007 0.8021559 -2.909147 1

-0.3194591 0.5641053 0.7614011 0
-0.2425233 -0.825415 0.5097772 0
0.9160397 -0.02180457 0.4004948 0
-3.373947 1.265643 -3.670846 1

-0.1835696 0.9569405 0.2248712 0
0.5781029 0.2901119 -0.7626483 0
-0.7950469 -0.01000019 -0.6064657 0
-4.264133 0.7770464 -2.78242 1

0.3511113 -0.7360358 -0.578768 0
-0.2706513 -0.6715147 0.6897939 0
-0.8963645 -0.08555021 -0.4349855 0
-3.082126 0.7080707 -2.983129 1

-0.01624366 -0.999153 0.03780914 0
-0.6063269 0.03991118 0.7942135 0
-0.7950497 -0.01002365 -0.6064615 0
-4.240668 0.6547232 -2.811165 1

-0.1013023 0.9948055 0.01001284 0
0.4191296 0.0518037 -0.9064476 0
-0.9022577 -0.08762858 -0.4222 0
-3.037244 0.6139854 -3.057111 1

-0.3437048 0.2143753 0.9142814 0
0.07409664 0.9767506 -0.2011677 0
-0.9361501 -0.001397047 -0.3515982 0
-4.184873 0.5701981 -2.88148 1

0.447412 0.1133704 -0.8871133 0
0.04809571 -0.9935475 -0.1027159 0
-0.893034 0.003289901 -0.4499775 0
-2.990835 0.5382607 -3.142632 1

-0.341448 -0.02430005 0.9395863 0
0.01442611 0.9994125 0.03108967 0
-0.9397901 0.02417011 -0.3408969 0
-4.125042 0.5340612 -3.048183 1

0.4543612 0.1633407 -0.8757144 0
0.09586711 -0.9863024 -0.1342281 0
-0.8856444 -0.02296425 -0.4637965 0
-2.907736 0.5613958 -3.301486 1

-0.341448 -0.02430005 0.9395863 0
0.01442611 0.9994125 0.03108967 0
-0.9397901 0.02417011 -0.3408969 0
-4.030516 0.5407887 -3.3083 1

0.4543612 0.1633407 -0.8757144 0
0.09586711 -0.9863024 -0.1342281 0
-0.8856444 -0.02296425 -0.4637965 0
-2.78195 0.6066152 -3.54392 1

-0.4309062 -0.03115924 0.9018587 0
0.02840139 -0.9993769 -0.02095838 0
0.9019498 0.01658294 0.4315227 0
-4.169289 1.671967 -1.738578 1

-0.448732 -0.06638293 0.8911976 0
0.06206908 -0.9971442 -0.04302188 0
0.8915085 0.03601052 0.4515709 0
-4.118322 1.675653 -1.845307 1

0.3559867 0.04827248 -0.9332435 0
0.03594632 -0.9986332 -0.03794303 0
-0.9337996 -0.02003946 -0.3572353 0
-4.29059 1.655364 -1.42057 1

0.2245536 0.8845913 -0.408747 0
0.2200141 -0.4546518 -0.8630676 0
-0.9492998 0.1038748 -0.2967164 0
-4.599704 1.361164 -1.905016 1

0.1240096 -0.9621768 -0.2425646 0
-0.4303195 -0.272416 0.8605899 0
-0.8941181 -0.002341148 -0.4478257 0
-3.726401 1.379905 -1.570924 1

-0.4210834 -0.06351762 0.9047952 0
0.07455978 -0.9965929 -0.0352625 0
0.9039524 0.05261287 0.4243846 0
-3.896546 1.708434 -2.285365 1

0.3559867 0.04827248 -0.9332435 0
0.03594632 -0.9986332 -0.03794303 0
-0.9337996 -0.02003946 -0.3572353 0
-4.4188 1.637979 -1.084457 1

0.2229475 -0.4429823 -0.8683671 0
-0.2216415 -0.8904924 0.3973643 0
-0.9492998 0.1038748 -0.2967164 0
-4.712561 0.9165841 -1.699587 1

-0.1588184 -0.9333331 0.3219723 0
-0.4187242 0.3590041 0.834138 0
-0.8941181 -0.002341148 -0.4478257 0
-3.664076 0.8963321 -1.692833 1

-0.3195899 -0.05067019 0.9462003 0
0.09146392 -0.995556 -0.02242029 0
0.9431314 0.07937788 0.3228042 0
-3.698858 1.738271 -2.710561 1

-0.3429787 -0.2777627 0.8973373 0
-0.1106916 0.9605767 0.2550295 0
-0.9327987 -0.01185805 -0.3602033 0
-4.782401 1.055352 -1.427564 1

0.01128666 0.9999286 0.003928492 0
0.4434645 -0.001484342 -0.8962907 0
-0.896221 0.01185827 -0.4434496 0
-3.713827 0.6039584 -1.591973 1

0.7596294 0.6390728 0.1206216 0
0.1531228 0.004508419 -0.988197 0
-0.6320736 0.7691332 -0.09443197 0
-3.960013 1.708784 -2.812371 1

-0.241277 0.1306201 0.9616258 0
0.1009423 -0.9821477 0.1587346 0
0.9651924 0.1353676 0.2237846 0
-3.579409 1.70627 -3.051685 1

0.4328916 -0.8653488 -0.2525401 0
-0.3870813 -0.4314477 0.8148749 0
-0.814109 -0.2549989 -0.5217304 0
-3.425565 1.656762 -2.634924 1

-0.07573652 0.9770663 0.1990113 0
0.3598806 0.2129167 -0.9083794 0
-0.9299197 0.002822806 -0.3677527 0
-4.792174 0.9471663 -1.397533 1

0.454062 3.185123E-06 -0.8909699 0
1.238045E-06 -0.9999999 -2.957424E-06 0
-0.8909703 2.3545E-07 -0.4540622 0
-3.672673 0.5434761 -1.677703 1

0.210802 0.9353568 -0.2840251 0
0.1110775 -0.3115926 -0.9437011 0
-0.9711975 0.1673853 -0.1695816 0
-4.217697 1.491995 -2.853288 1

-0.01748434 -0.9997958 -0.01014681 0
0.3985051 0.002339063 -0.9171634 0
0.9169996 -0.02007953 0.3983828 0
-3.50422 1.665565 -3.351357 1

0.1995859 -0.9590937 -0.2007611 0
-0.2831298 -0.2525898 0.9252222 0
-0.9380851 -0.1278199 -0.3219614 0
-3.278718 1.363215 -2.720592 1

-0.05600885 0.989626 0.1323013 0
0.3564852 0.1435967 -0.9232005 0
-0.9326209 -0.004543919 -0.3608297 0
-4.778275 0.7811684 -1.430895 1

0.4481541 -0.0003149081 -0.8939562 0
-0.01144323 -0.99992 -0.005384434 0
-0.8938832 0.0126428 -0.448122 0
-3.596538 0.5434401 -1.829575 1

-0.01748434 -0.9997958 -0.01014681 0
0.3985051 0.002339063 -0.9171634 0
0.9169996 -0.02007953 0.3983828 0
-3.500712 1.866096 -3.349322 1

-0.2450636 0.7596817 0.6023524 0
-0.3147434 -0.6499855 0.6917051 0
0.9169956 -0.02007469 0.3983925 0
-3.494481 1.568834 -3.378649 1

-0.3994316 -0.003724311 0.9167558 0
-0.01692304 -0.9997916 -0.01143513 0
0.916607 -0.02008181 0.3992852 0
-3.538005 1.610652 -3.624357 1

0.4266975 -0.9020032 0.06572686 0
0.8888691 0.4316718 0.1535305 0
-0.1668574 -0.007088372 0.985956 0
-3.653279 1.762588 -3.461754 1

-0.3976267 -0.003763814 0.9175399 0
-0.0169256 -0.9997916 -0.01143623 0
0.9173912 -0.02007721 0.39748 0
-3.283745 1.605085 -3.513896 1

0.3721515 0.8845109 0.2813264 0
0.7022876 -0.4665134 0.5377342 0
0.6068739 -0.002546666 -0.7947943 0
-3.318362 1.755255 -3.316251 1

-0.05600885 0.989626 0.1323013 0
0.3564852 0.1435967 -0.9232005 0
-0.9326209 -0.004543919 -0.3608297 0
-4.766248 0.5686471 -1.459306 1

0.4481541 -0.0003149081 -0.8939562 0
-0.01144323 -0.99992 -0.005384434 0
-0.8938832 0.0126428 -0.448122 0
-3.500297 0.5433725 -2.021551 1

0.1995859 -0.9590937 -0.2007611 0
-0.3377303 -0.2596601 0.9047181 0
-0.9198391 -0.1127659 -0.3757395 0
-3.229561 1.126996 -2.770038 1

0.210802 0.9353568 -0.2840251 0
0.35862 -0.3442945 -0.8676711 0
-0.9093704 0.08104973 -0.4080157 0
-4.269616 1.261622 -2.783334 1

-0.2805099 -0.3907857 0.8766991 0
-0.09866946 0.9202709 0.3786374 0
-0.9547665 0.01970805 -0.2967036 0
-3.538005 1.610652 -3.624357 1

-0.4636918 -0.3867745 0.7971173 0
-0.1754849 0.9219529 0.3452656 0
-0.8684444 0.02021473 -0.4953751 0
-3.283745 1.605085 -3.513896 1

-0.2558899 0.5446648 0.7986623 0
0.1886258 0.8384203 -0.5113432 0
-0.9481252 0.01980073 -0.3172812 0
-3.538286 1.596305 -3.624413 1

-0.389012 0.5475798 0.7408284 0
0.2758794 0.8365098 -0.4734366 0
-0.8789543 0.02020677 -0.4764782 0
-3.284041 1.590737 -3.513958 1

-0.2000304 0.950594 0.2374002 0
0.5855221 0.3102485 -0.7489393 0
-0.7855903 -0.01080754 -0.6186529 0
-4.321536 1.03125 -2.713381 1

-0.2450636 0.7596817 0.6023524 0
-0.3147434 -0.6499855 0.6917051 0
0.9169956 -0.02007469 0.3983925 0
-3.355628 1.1384 -3.71994 1

-0.3060543 0.6051291 0.7349492 0
-0.2558326 -0.7958747 0.5487564 0
0.9169956 -0.02007469 0.3983925 0
-3.473042 1.455846 -3.433689 1

-0.3994316 -0.003724311 0.9167558 0
-0.01692304 -0.9997916 -0.01143513 0
0.916607 -0.02008181 0.3992852 0
-3.499785 1.611009 -3.712079 1

0.4266975 -0.9020032 0.06572686 0
0.8888691 0.4316718 0.1535305 0
-0.1668574 -0.007088372 0.985956 0
-3.715278 1.893648 -3.471303 1

-0.3976267 -0.003763814 0.9175399 0
-0.0169256 -0.9997916 -0.01143623 0
0.9173912 -0.02007721 0.39748 0
-3.245697 1.605445 -3.601693 1

0.3721515 0.8845109 0.2813264 0
0.7022876 -0.4665134 0.5377342 0
0.6068739 -0.002546666 -0.7947943 0
-3.264288 1.883773 -3.275375 1

0.3633658 -0.7123312 -0.600458 0
-0.2465968 -0.6950631 0.6753351 0
-0.8984185 -0.09732267 -0.4282208 0
-3.180404 0.8907771 -2.819484 1

-0.2000304 0.950594 0.2374002 0
0.5855222 0.3102485 -0.7489392 0
-0.7855903 -0.01080754 -0.618653 0
-4.295966 0.909738 -2.743727 1

-0.3196976 0.5603162 0.7640944 0
-0.2385646 -0.8280361 0.5073895 0
0.9169956 -0.02007469 0.3983925 0
-3.412093 1.335339 -3.580049 1

0.3633658 -0.7123312 -0.600458 0
-0.249502 -0.6953742 0.6739463 0
-0.897616 -0.09507361 -0.4304032 0
-3.133956 0.799722 -2.896239 1

-0.3196976 0.5603162 0.7640944 0
-0.2385646 -0.8280361 0.5073895 0
0.9169956 -0.02007469 0.3983925 0
-3.373655 1.26797 -3.671918 1

-0.2000304 0.950594 0.2374002 0
0.5855223 0.3102485 -0.748939 0
-0.7855902 -0.01080735 -0.6186532 0
-4.270397 0.7882266 -2.774073 1

0.3633658 -0.7123312 -0.600458 0
-0.2524044 -0.6956781 0.6725504 0
-0.8968042 -0.09282362 -0.4325812 0
-3.087508 0.7086669 -2.972994 1

-0.02142714 -0.9987705 0.04470796 0
-0.6183771 0.04837811 0.7843913 0
-0.7855897 -0.01083897 -0.6186532 0
-4.244828 0.6667153 -2.804419 1

-0.0918227 0.9953875 -0.02779155 0
0.4196568 0.01337234 -0.9075844 0
-0.9030268 -0.0949998 -0.4189491 0
-3.04106 0.6176118 -3.049748 1

-0.3398804 0.2547677 0.9053042 0
0.08766326 0.9670008 -0.2392185 0
-0.9363745 -0.001943747 -0.3509981 0
-4.188339 0.5814334 -2.873251 1

0.4503873 0.01054525 -0.8927709 0
0.004248106 -0.9999444 -0.009668143 0
-0.8928234 0.0005618228 -0.4504071 0
-2.995369 0.5382577 -3.132314 1

-0.3409743 -0.008335387 0.9400359 0
0.01974153 0.9996771 0.01602506 0
-0.9398656 0.02402188 -0.3406994 0
-4.129164 0.5379697 -3.038433 1

0.4590963 0.06339057 -0.8861221 0
0.05151563 -0.9976723 -0.04468061 0
-0.886892 -0.02513648 -0.4612933 0
-2.911616 0.5428338 -3.292439 1

-0.3409743 -0.008335387 0.9400359 0
0.01974153 0.9996771 0.01602506 0
-0.9398656 0.02402188 -0.3406994 0
-4.034769 0.5402769 -3.298673 1

0.4590963 0.06339057 -0.8861221 0
0.05151563 -0.9976723 -0.04468061 0
-0.886892 -0.02513648 -0.4612933 0
-2.784519 0.5603831 -3.537754 1

-0.4347146 -0.02940362 0.9000883 0
0.02131156 -0.9995228 -0.02235909 0
0.9003162 0.009462468 0.4351338 0
-4.16988 1.679901 -1.738103 1

-0.4495399 -0.06265162 0.8910606 0
0.05332942 -0.9976403 -0.04324071 0
0.891667 0.02808131 0.4518203 0
-4.118434 1.683381 -1.844656 1

0.3654432 0.0507368 -0.9294502 0
0.03026724 -0.998633 -0.04261283 0
-0.9303417 -0.01255932 -0.3664794 0
-4.294405 1.662458 -1.421388 1

0.2156248 0.892501 -0.3961665 0
0.2192963 -0.4396071 -0.871008 0
-0.9515332 0.100933 -0.2905124 0
-4.600511 1.372564 -1.910319 1

0.1154206 -0.9689988 -0.218448 0
-0.4309202 -0.2469917 0.8679304 0
-0.8949782 -0.00604343 -0.4460691 0
-3.730442 1.38431 -1.567582 1

-0.4206431 -0.05982434 0.9052517 0
0.06488737 -0.9972519 -0.03575306 0
0.904903 0.04370011 0.4233691 0
-3.89631 1.714316 -2.284629 1

0.3654432 0.0507368 -0.9294502 0
0.03026724 -0.998633 -0.04261283 0
-0.9303417 -0.01255932 -0.3664794 0
-4.426021 1.644185 -1.086642 1

0.2205873 -0.434239 -0.8733715 0
-0.2143039 -0.895125 0.3909283 0
-0.9515332 0.100933 -0.2905124 0
-4.70888 0.9240085 -1.711213 1

-0.1514001 -0.9364489 0.3164514 0
-0.4196334 0.350752 0.8371865 0
-0.8949782 -0.00604343 -0.4460691 0
-3.672434 0.8973077 -1.67737 1

-0.3208096 -0.04985949 0.9458306 0
0.08108824 -0.9963928 -0.02502114 0
0.9436664 0.06866871 0.3236954 0
-3.698845 1.742413 -2.709936 1

-0.3529435 -0.1721741 0.919667 0
-0.07292319 0.9849952 0.1564186 0
-0.9327986 -0.01185812 -0.3602031 0
-4.777981 1.060037 -1.437622 1

0.0112867 0.9999287 0.003928014 0
0.4434645 -0.001484675 -0.896291 0
-0.896221 0.0118581 -0.4434495 0
-3.719861 0.6039579 -1.57824 1

0.7565764 0.6434048 0.1167161 0
0.1552189 -0.003316803 -0.9878747 0
-0.6352162 0.7655189 -0.1023779 0
-3.96014 1.716468 -2.812227 1

-0.2398716 0.1408927 0.9605265 0
0.08933236 -0.9820114 0.1663532 0
0.9666859 0.1257094 0.2229703 0
-3.579481 1.710078 -3.051058 1

0.4213141 -0.8730547 -0.2454996 0
-0.395107 -0.4203547 0.8168185 0
-0.8163241 -0.2471385 -0.5220514 0
-3.426164 1.658161 -2.633177 1

-0.06244848 0.984785 0.162169 0
0.363871 0.1737674 -0.9150973 0
-0.9293537 0.00186216 -0.3691862 0
-4.791951 0.9559 -1.396858 1

0.4540621 2.648681E-06 -0.8909705 0
1.139599E-06 -1 -2.349634E-06 0
-0.8909702 5.250331E-08 -0.454062 0
-3.678707 0.5434756 -1.66397 1

0.2421568 0.9174008 -0.3158099 0
0.1089023 -0.349141 -0.9307207 0
-0.9641061 0.1909878 -0.1844539 0
-4.216788 1.498211 -2.85182 1

-0.01208136 -0.9998069 -0.01549422 0
0.3956782 0.009450456 -0.9183409 0
0.9183098 -0.01722553 0.3954876 0
-3.504729 1.666172 -3.350388 1

0.1872978 -0.9685684 -0.1636913 0
-0.2857397 -0.2131551 0.9343007 0
-0.9398258 -0.1282194 -0.316682 0
-3.283244 1.362001 -2.716456 1

0.02935975 0.9959841 -0.0845794 0
0.3615591 -0.08946817 -0.9280468 0
-0.9318869 -0.003333252 -0.3627338 0
-4.78031 0.7885935 -1.423959 1

0.4481542 -0.0003148783 -0.8939565 0
-0.01144308 -0.9999201 -0.005384345 0
-0.893883 0.01264263 -0.4481218 0
-3.602572 0.5434395 -1.815841 1

-0.01208136 -0.9998069 -0.01549422 0
0.3956782 0.009450456 -0.9183409 0
0.9183098 -0.01722553 0.3954876 0
-3.502306 1.866705 -3.34728 1

-0.2473441 0.7550796 0.607187 0
-0.3090879 -0.6554071 0.6891347 0
0.9183059 -0.01722073 0.395497 0
-3.494549 1.569643 -3.378231 1

-0.3965983 -0.01083851 0.9179286 0
-0.01152402 -0.9997927 -0.01678421 0
0.9179201 -0.01723482 0.3963912 0
-3.539052 1.612546 -3.623576 1

0.4317925 -0.9000043 0.0595601 0
0.8869756 0.4356777 0.1531656 0
-0.1637987 -0.01330733 0.9864044 0
-3.654651 1.762974 -3.459806 1

-0.3947909 -0.01087245 0.918707 0
-0.01152657 -0.9997926 -0.0167853 0
0.9186988 -0.01721621 0.3945837 0
-3.284427 1.60777 -3.513917 1

0.3681979 0.8849985 0.284971 0
0.7064545 -0.4655671 0.5330755 0
0.6044439 0.005041752 -0.7966321 0
-3.319255 1.756683 -3.315361 1

0.02935975 0.9959841 -0.0845794 0
0.3615591 -0.08946817 -0.9280468 0
-0.9318869 -0.003333252 -0.3627338 0
-4.786615 0.5747067 -1.405796 1

0.4481542 -0.0003148783 -0.8939565 0
-0.01144308 -0.9999201 -0.005384345 0
-0.893883 0.01264263 -0.4481218 0
-3.506331 0.5433719 -2.007818 1

0.1872978 -0.9685684 -0.1636913 0
-0.3419743 -0.2205092 0.9134711 0
-0.9208547 -0.1151129 -0.3725264 0
-3.237114 1.123448 -2.756773 1

0.2421568 0.9174008 -0.3158099 0
0.3592514 -0.3871434 -0.8491517 0
-0.9012761 0.09217268 -0.4233268 0
-4.27643 1.27226 -2.774038 1

-0.2756979 -0.3970244 0.8754214 0
-0.1025105 0.9176668 0.3839002 0
-0.9557627 0.01610064 -0.2936979 0
-3.539052 1.612546 -3.623576 1

-0.4591415 -0.3935835 0.796418 0
-0.1794356 0.9191098 0.3507709 0
-0.8700531 0.01814776 -0.4926244 0
-3.284427 1.60777 -3.513918 1

-0.2564012 0.5389528 0.8023645 0
0.1825008 0.8421776 -0.5073761 0
-0.9491851 0.0163403 -0.3142947 0
-3.539255 1.598198 -3.623709 1

-0.3897134 0.5414535 0.744951 0
0.2698791 0.8405386 -0.4697451 0
-0.8805051 0.01798071 -0.4736962 0
-3.284646 1.593422 -3.514057 1

-0.2213685 0.9421708 0.2516153 0
0.5923654 0.3348744 -0.7327773 0
-0.7746609 -0.01316577 -0.6322399 0
-4.336072 1.04631 -2.696255 1

-0.2473441 0.7550796 0.607187 0
-0.3090879 -0.6554071 0.6891347 0
0.9183059 -0.01722073 0.395497 0
-3.354404 1.141817 -3.722262 1

-0.307088 0.5994849 0.7391316 0
-0.2498229 -0.800201 0.5452223 0
0.9183059 -0.01722073 0.395497 0
-3.472665 1.457072 -3.433945 1

-0.3965983 -0.01083851 0.9179286 0
-0.01152402 -0.9997927 -0.01678421 0
0.9179201 -0.01723482 0.3963912 0
-3.501102 1.613584 -3.711411 1

0.4317925 -0.9000043 0.0595601 0
0.8869756 0.4356777 0.1531656 0
-0.1637987 -0.01330733 0.9864044 0
-3.71739 1.893743 -3.46846 1

-0.3947909 -0.01087245 0.918707 0
-0.01152657 -0.9997926 -0.0167853 0
0.9186988 -0.01721621 0.3945837 0
-3.246651 1.608811 -3.601826 1

0.3681979 0.8849985 0.284971 0
0.7064545 -0.4655671 0.5330755 0
0.6044439 0.005041752 -0.7966321 0
-3.265757 1.885272 -3.273956 1

0.371812 -0.6931764 -0.6174647 0
-0.2332681 -0.7135732 0.6606053 0
-0.8985223 -0.1015863 -0.427011 0
-3.190984 0.8848955 -2.797089 1

-0.2213685 0.9421708 0.2516153 0
0.592364 0.3348743 -0.7327785 0
-0.7746618 -0.01316639 -0.6322387 0
-4.307775 0.9258752 -2.728419 1

-0.3203982 0.554442 0.7680753 0
-0.232507 -0.8320445 0.50363 0
0.9183059 -0.01722073 0.395497 0
-3.41151 1.337689 -3.581138 1

0.371812 -0.6931764 -0.6174647 0
-0.236194 -0.7139004 0.6592107 0
-0.8977574 -0.09926104 -0.4291608 0
-3.143456 0.796289 -2.876017 1

-0.3203982 0.554442 0.7680753 0
-0.232507 -0.8320445 0.50363 0
0.9183059 -0.01722073 0.395497 0
-3.372988 1.271027 -3.673486 1

-0.2213685 0.9421708 0.2516153 0
0.5923625 0.3348743 -0.7327796 0
-0.774663 -0.01316696 -0.6322374 0
-4.279478 0.8054403 -2.760582 1

0.371812 -0.6931764 -0.6174647 0
-0.2391174 -0.7142199 0.6578091 0
-0.8969831 -0.09693478 -0.4313061 0
-3.095928 0.7076821 -2.954946 1

-0.02962461 -0.997926 0.05714934 0
-0.6316888 0.06300116 0.7726581 0
-0.7746561 -0.01321101 -0.6322451 0
-4.251182 0.6850054 -2.792745 1

-0.08883342 0.9950754 -0.04397355 0
0.4199647 -0.002613654 -0.9075368 0
-0.9031824 -0.09908694 -0.4176644 0
-3.048401 0.6190757 -3.033875 1

-0.3323287 0.3205956 0.8870044 0
0.1096928 0.9472119 -0.301259 0
-0.9367632 -0.002819177 -0.3499527 0
-4.194127 0.5984337 -2.859468 1

0.4504099 -1.490116E-06 -0.8928221 0
-6.886451E-07 -1 1.127684E-06 0
-0.8928219 1.261942E-07 -0.4504099 0
-3.002923 0.5382556 -3.115126 1

-0.3400163 0.0116036 0.9403481 0
0.02646236 0.9996462 -0.002766774 0
-0.9400472 0.02394297 -0.3402029 0
-4.136259 0.543018 -3.021505 1

0.4600088 0.0007992238 -0.8879142 0
0.02249705 -0.999689 0.01075528 0
-0.8876293 -0.02492298 -0.4598837 0
-2.919154 0.5409274 -3.275286 1

-0.3400163 0.0116036 0.9403481 0
0.02646236 0.9996462 -0.002766774 0
-0.9400472 0.02394297 -0.3402029 0
-4.042129 0.5398055 -3.281832 1

0.4600088 0.0007992238 -0.8879142 0
0.02249705 -0.999689 0.01075528 0
-0.8876293 -0.02492298 -0.4598837 0
-2.791805 0.5411489 -3.521097 1

-0.4373771 -0.0271235 0.8988693 0
0.01408331 -0.9996293 -0.0233112 0
0.8991681 0.002463268 0.437597 0
-4.170162 1.685881 -1.7378 1

-0.449867 -0.05905705 0.8911411 0
0.04513355 -0.9980398 -0.04335699 0
0.8919545 0.02071546 0.4516508 0
-4.118376 1.689093 -1.844235 1

0.3728667 0.05162338 -0.9264481 0
0.02411906 -0.9986532 -0.04593961 0
-0.9275716 -0.0052157 -0.3736098 0
-4.297217 1.668136 -1.422109 1

0.2033063 0.9061813 -0.3708132 0
0.2196169 -0.4112779 -0.8846577 0
-0.9541673 0.09841964 -0.2826283 0
-4.601445 1.38196 -1.914391 1

0.1085642 -0.9742247 -0.1977386 0
-0.4315042 -0.2253804 0.8735035 0
-0.8955548 -0.009506178 -0.4448504 0
-3.733967 1.386838 -1.564986 1

-0.4201972 -0.05648764 0.9056732 0
0.05632228 -0.9977599 -0.03609981 0
0.9056835 0.03584053 0.4224376 0
-3.896133 1.718251 -2.284243 1

0.3728667 0.05162338 -0.9264481 0
0.02411906 -0.9986532 -0.04593961 0
-0.9275716 -0.0052157 -0.3736098 0
-4.431507 1.649544 -1.088444 1

0.2149381 -0.431773 -0.8759991 0
-0.2082466 -0.896597 0.3908294 0
-0.9541673 0.09841964 -0.2826283 0
-4.703623 0.9265295 -1.728027 1

-0.1484096 -0.936139 0.318777 0
-0.4194719 0.3515023 0.8369529 0
-0.8955548 -0.009506178 -0.4448504 0
-3.679404 0.8972101 -1.664366 1

-0.3223044 -0.04890016 0.9453725 0
0.07226802 -0.9970217 -0.02693352 0
0.9438737 0.05963939 0.3248785 0
-3.698875 1.744777 -2.709688 1

-0.3560315 -0.1247899 0.9261044 0
-0.05593155 0.9921125 0.112182 0
-0.9327987 -0.01185814 -0.3602031 0
-4.770954 1.061786 -1.453614 1

0.01128635 0.9999288 0.003928308 0
0.4434644 -0.001484448 -0.8962911 0
-0.8962212 0.01185792 -0.4434496 0
-3.725895 0.6039572 -1.564507 1

0.7542907 0.6465608 0.1140389 0
0.1575977 -0.009691589 -0.9874561 0
-0.6373453 0.7628009 -0.1092069 0
-3.960252 1.721522 -2.812387 1

-0.239718 0.1477521 0.9595338 0
0.07919806 -0.9820814 0.17101 0
0.967607 0.1169874 0.223721 0
-3.579419 1.712067 -3.050743 1

0.4197893 -0.8763655 -0.2361369 0
-0.4013699 -0.4125959 0.8177207 0
-0.8140513 -0.2484921 -0.5249503 0
-3.426733 1.658494 -2.631919 1

-0.04546307 0.9919789 0.117946 0
0.3669841 0.1263972 -0.9216001 0
-0.9291157 0.001385533 -0.369787 0
-4.786728 0.9598306 -1.40825 1

0.454062 2.870336E-06 -0.8909704 0
1.506057E-06 -1 -2.68097E-06 0
-0.8909703 -1.254957E-07 -0.4540622 0
-3.684741 0.543475 -1.650238 1

0.2623739 0.9058206 -0.3326401 0
0.1089811 -0.370327 -0.9224865 0
-0.9587927 0.2057849 -0.1958816 0
-4.216125 1.502193 -2.851072 1

-0.008275524 -0.9997901 -0.01875256 0
0.3946309 0.01396572 -0.918734 0
0.9188027 -0.01500336 0.3944325 0
-3.504715 1.666023 -3.349763 1

0.1750286 -0.9749597 -0.1371817 0
-0.2902251 -0.1842323 0.9390572 0
-0.940816 -0.1245482 -0.3152038 0
-3.284331 1.36121 -2.712022 1

0.07276274 0.9784015 -0.1934848 0
0.3570398 -0.2066952 -0.9109337 0
-0.931251 -0.002799755 -0.3643681 0
-4.777973 0.7913043 -1.427838 1

0.448154 -0.0003141668 -0.8939565 0
-0.01144254 -0.9999202 -0.005385037 0
-0.8938833 0.01264246 -0.4481219 0
-3.608606 0.5434389 -1.802109 1

-0.008275524 -0.9997901 -0.01875256 0
0.3946309 0.01396572 -0.918734 0
0.9188027 -0.01500336 0.3944325 0
-3.503055 1.866552 -3.346002 1

-0.2495626 0.7521394 0.6099228 0
-0.305823 -0.658834 0.6873217 0
0.9187988 -0.01499861 0.3944417 0
-3.494196 1.569625 -3.377933 1

-0.3955461 -0.01535595 0.9183182 0
-0.007719681 -0.9997696 -0.0200431 0
0.9184139 -0.0150171 0.3953365 0
-3.539132 1.613159 -3.623088 1

0.4352956 -0.8985355 0.05614626 0
0.8854707 0.4385663 0.1536278 0
-0.1626637 -0.01715757 0.9865329 0
-3.655127 1.762607 -3.458701 1

-0.3937377 -0.01538546 0.9190945 0
-0.007722221 -0.9997696 -0.02004418 0
0.9191906 -0.01498961 0.3935282 0
-3.284371 1.608999 -3.513722 1

0.365124 0.8854653 0.2874657 0
0.7088143 -0.4645998 0.5307825 0
0.6035454 0.009958297 -0.7972668 0
-3.31955 1.757128 -3.314642 1

0.07276274 0.9784015 -0.1934848 0
0.3570398 -0.2066952 -0.9109337 0
-0.931251 -0.002799755 -0.3643681 0
-4.793599 0.5811936 -1.386287 1

0.448154 -0.0003141668 -0.8939565 0
-0.01144254 -0.9999202 -0.005385037 0
-0.8938833 0.01264246 -0.4481219 0
-3.512365 0.5433714 -1.994085 1

0.1750286 -0.9749597 -0.1371817 0
-0.3468291 -0.1914566 0.91818 0
-0.9214527 -0.1131291 -0.3716549 0
-3.241223 1.121084 -2.745809 1

0.2623739 0.9058206 -0.3326401 0
0.362831 -0.4120276 -0.8358154 0
-0.8941554 0.09860402 -0.4367651 0
-4.280746 1.279095 -2.769145 1

-0.2732168 -0.4009356 0.8744164 0
-0.1055969 0.9160085 0.387012 0
-0.9561391 0.01340251 -0.2926064 0
-3.539132 1.613159 -3.623088 1

-0.4567589 -0.3979384 0.7956237 0
-0.1825633 0.9172654 0.3539711 0
-0.8706563 0.01642769 -0.4916181 0
-3.284371 1.608999 -3.513722 1

-0.2575791 0.5353428 0.8044016 0
0.1787224 0.8445237 -0.5048156 0
-0.9495853 0.01373467 -0.3132095 0
-3.539281 1.598811 -3.623267 1

-0.390963 0.5375207 0.7471414 0
0.2661476 0.843096 -0.4672848 0
-0.8810868 0.0161588 -0.4726792 0
-3.284535 1.594651 -3.513907 1

-0.2316943 0.9398384 0.2510419 0
0.6026534 0.3412525 -0.7213569 0
-0.7636275 -0.01584298 -0.6454632 0
-4.345367 1.055997 -2.687217 1

-0.2495626 0.7521394 0.6099228 0
-0.305823 -0.658834 0.6873217 0
0.9187988 -0.01499861 0.3944417 0
-3.352795 1.143465 -3.723514 1

-0.3085661 0.5958868 0.7414222 0
-0.2461628 -0.802929 0.542872 0
0.9187988 -0.01499861 0.3944417 0
-3.471943 1.457322 -3.434038 1

-0.3955461 -0.01535595 0.9183182 0
-0.007719681 -0.9997696 -0.0200431 0
0.9184139 -0.0150171 0.3953365 0
-3.501283 1.614629 -3.71096 1

0.4352956 -0.8985355 0.05614626 0
0.8854707 0.4385663 0.1536278 0
-0.1626637 -0.01715757 0.9865329 0
-3.718374 1.893163 -3.466859 1

-0.3937377 -0.01538546 0.9190945 0
-0.007722221 -0.9997696 -0.02004418 0
0.9191906 -0.01498961 0.3935282 0
-3.246696 1.610471 -3.601667 1

0.365124 0.8854653 0.2874657 0
0.7088143 -0.4645998 0.5307825 0
0.6035454 0.009958297 -0.7972668 0
-3.266498 1.885785 -3.272873 1

0.3753267 -0.6810054 -0.628778 0
-0.2269175 -0.7252394 0.6500285 0
-0.8986872 -0.1012923 -0.4267339 0
-3.198114 0.8809568 -2.779596 1

-0.2316943 0.9398384 0.2510419 0
0.6026512 0.3412524 -0.7213588 0
-0.7636291 -0.01584401 -0.645461 0
-4.31575 0.9358601 -2.719307 1

-0.3216723 0.5506988 0.7702329 0
-0.2287709 -0.8345699 0.5011567 0
0.9187988 -0.01499861 0.3944417 0
-3.410494 1.338655 -3.581688 1

0.3753267 -0.6810054 -0.628778 0
-0.2298274 -0.7255636 0.6486428 0
-0.8979475 -0.09894256 -0.4288372 0
-3.150137 0.793906 -2.859971 1

-0.3216723 0.5506988 0.7702329 0
-0.2287709 -0.8345699 0.5011567 0
0.9187988 -0.01499861 0.3944417 0
-3.371819 1.272442 -3.674295 1

-0.2316943 0.9398384 0.2510419 0
0.602649 0.3412524 -0.7213609 0
-0.7636313 -0.01584499 -0.6454589 0
-4.286133 0.8157234 -2.751397 1

0.3753267 -0.6810054 -0.628778 0
-0.2327348 -0.7258802 0.6472503 0
-0.8971984 -0.09659179 -0.4309361 0
-3.10216 0.7068552 -2.940345 1

-0.03658733 -0.9970257 0.06783748 0
-0.6446286 0.07541817 0.7607671 0
-0.7636203 -0.0158955 -0.6454706 0
-4.256516 0.6955869 -2.783487 1

-0.08517858 0.9950626 -0.0509498 0
0.4203925 -0.01046916 -0.9072825 0
-0.9033355 -0.09869989 -0.417425 0
-3.054183 0.6198041 -3.02072 1

-0.3253233 0.371351 0.8696344 0
0.1265892 0.9284863 -0.3491259 0
-0.9370914 -0.00349249 -0.3490672 0
-4.198831 0.6079348 -2.848227 1

0.450408 -9.067357E-06 -0.8928234 0
-4.02058E-06 -1 8.080474E-06 0
-0.892823 5.7742E-08 -0.450408 0
-3.008962 0.5382549 -3.101383 1

-0.3392342 0.01205973 0.940625 0
0.02689291 0.9996338 -0.003117352 0
-0.9403176 0.02423865 -0.3394342 0
-4.142185 0.5432941 -3.00725 1

0.46001 0.0008042548 -0.8879139 0
0.02249954 -0.9996894 0.01075106 0
-0.887629 -0.02492321 -0.4598852 0
-2.925193 0.5409251 -3.261543 1

-0.3392342 0.01205973 0.940625 0
0.02689291 0.9996338 -0.003117352 0
-0.9403176 0.02423865 -0.3394342 0
-4.048271 0.5399559 -3.267654 1

0.46001 0.0008042548 -0.8879139 0
0.02249954 -0.9996894 0.01075106 0
-0.887629 -0.02492321 -0.4598852 0
-2.797843 0.5411478 -3.507354 1

-0.4397628 -0.02478443 0.8977722 0
0.006684754 -0.9996821 -0.02432338 0
0.8980892 -0.004695131 0.4397888 0
-4.170334 1.691603 -1.737555 1

-0.449966 -0.05560961 0.8913129 0
0.0371333 -0.9983615 -0.04354224 0
0.8922735 0.01350485 0.4512938 0
-4.118242 1.69454 -1.843884 1

0.3802022 0.05214138 -0.9234328 0
0.01774038 -0.9986374 -0.04908359 0
-0.9247335 0.002279644 -0.3806093 0
-4.29989 1.673683 -1.422891 1

0.1879686 0.9231209 -0.3354343 0
0.2197996 -0.3723961 -0.9016706 0
-0.9572651 0.09575739 -0.2729005 0
-4.602306 1.391186 -1.918405 1

0.1018023 -0.9789163 -0.1770871 0
-0.4319875 -0.2038533 0.8785391 0
-0.8961158 -0.01293793 -0.4436324 0
-3.737482 1.389054 -1.562454 1

-0.4197494 -0.05337825 0.9060693 0
0.04832523 -0.9981679 -0.0364166 0
0.9063529 0.02850016 0.42156 0
-3.895988 1.721994 -2.283975 1

0.3802022 0.05214138 -0.9234328 0
0.01774038 -0.9986374 -0.04908359 0
-0.9247335 0.002279644 -0.3806093 0
-4.436821 1.654904 -1.090313 1

0.2069317 -0.4324334 -0.8775997 0
-0.2020478 -0.896567 0.3941382 0
-0.9572651 0.09575739 -0.2729005 0
-4.696775 0.9272419 -1.749821 1

-0.1456027 -0.9356835 0.3213984 0
-0.4192574 0.3526043 0.8365966 0
-0.8961158 -0.01293793 -0.4436324 0
-3.686318 0.897068 -1.651454 1

-0.3242644 -0.04802648 0.9447469 0
0.06434345 -0.9975175 -0.02862454 0
0.9437759 0.05150634 0.3265497 0
-3.698934 1.747059 -2.709565 1

-0.3574502 -0.09713678 0.9288675 0
-0.04600352 0.9952008 0.0863703 0
-0.9327988 -0.01185809 -0.3602034 0
-4.761599 1.062705 -1.474907 1

0.01129073 0.9999288 0.003919424 0
0.4434645 -0.001494296 -0.8962911 0
-0.896221 0.0118579 -0.4434498 0
-3.731929 0.603958 -1.550774 1

0.7522433 0.6492379 0.1123409 0
0.16075 -0.01549034 -0.9868739 0
-0.6389757 0.760428 -0.1160176 0
-3.960313 1.726102 -2.812748 1

-0.2404671 0.1536497 0.9584194 0
0.06972269 -0.9821075 0.1749407 0
0.96815 0.1088911 0.2254518 0
-3.579173 1.714009 -3.05048 1

0.421571 -0.8784531 -0.2249424 0
-0.4073077 -0.4050701 0.818547 0
-0.8101723 -0.253455 -0.5285667 0
-3.427404 1.659207 -2.630639 1

-0.0355379 0.9951122 0.09214034 0
0.3684175 0.0987502 -0.9244015 0
-0.9289811 0.001094797 -0.370126 0
-4.778403 0.9621247 -1.42692 1

0.4540619 1.784414E-06 -0.8909705 0
8.174473E-07 -1 -1.709929E-06 0
-0.8909703 5.09317E-08 -0.4540622 0
-3.690776 0.5434749 -1.636504 1

0.2801042 0.8954424 -0.3460133 0
0.1099602 -0.3879975 -0.9150777 0
-0.9536512 0.2182694 -0.2071429 0
-4.215491 1.505865 -2.850857 1

-0.004775473 -0.9997604 -0.02137804 0
0.3943521 0.01776281 -0.9187881 0
0.9189472 -0.01281811 0.3941728 0
-3.504236 1.666127 -3.349153 1

0.1626337 -0.9800444 -0.1142978 0
-0.2957295 -0.1589307 0.9419584 0
-0.9413263 -0.1193929 -0.3156757 0
-3.284397 1.361216 -2.706945 1

0.1074231 0.9541068 -0.2795382 0
0.3497461 -0.2994587 -0.8876955 0
-0.9306656 -0.002408443 -0.3658639 0
-4.771334 0.7930675 -1.442123 1

0.4481541 -0.0003148597 -0.8939567 0
-0.01144306 -0.9999203 -0.005384413 0
-0.8938833 0.01264264 -0.448122 0
-3.61464 0.5434386 -1.788375 1

-0.004775473 -0.9997604 -0.02137804 0
0.3943521 0.01776281 -0.9187881 0
0.9189472 -0.01281811 0.3941728 0
-3.503278 1.866651 -3.344865 1

-0.2520466 0.749655 0.6119568 0
-0.3033414 -0.6617056 0.6856607 0
0.9189433 -0.0128134 0.3941819 0
-3.493386 1.569842 -3.377579 1

-0.3952625 -0.01915514 0.9183688 0
-0.004220014 -0.9997344 -0.02266864 0
0.9185586 -0.01283556 0.3950768 0
-3.538535 1.613862 -3.622608 1

0.4384566 -0.8971481 0.05368096 0
0.8839661 0.4412629 0.154569 0
-0.1623584 -0.0203195 0.986523 0
-3.655012 1.76247 -3.457801 1

-0.3934538 -0.01918038 0.9191445 0
-0.004222555 -0.9997344 -0.02266973 0
0.9193348 -0.01280062 0.3932685 0
-3.283734 1.610308 -3.513314 1

0.3620891 0.8859819 0.2897048 0
0.7105699 -0.4635047 0.5293908 0
0.6033094 0.01416875 -0.7973816 0
-3.319383 1.757788 -3.313837 1

0.1074231 0.9541068 -0.2795382 0
0.3497461 -0.2994587 -0.8876955 0
-0.9306656 -0.002408443 -0.3658639 0
-4.794403 0.5881739 -1.382092 1

0.4481541 -0.0003148597 -0.8939567 0
-0.01144306 -0.9999203 -0.005384413 0
-0.8938833 0.01264264 -0.448122 0
-3.518399 0.543371 -1.980352 1

0.1626337 -0.9800444 -0.1142978 0
-0.3518394 -0.1658273 0.9212551 0
-0.9218244 -0.1096126 -0.3717876 0
-3.244341 1.119837 -2.735096 1

0.2801042 0.8954424 -0.3460133 0
0.3673016 -0.4329836 -0.8231738 0
-0.8869226 0.1034833 -0.4501781 0
-4.284479 1.285323 -2.765636 1

-0.2715932 -0.4041868 0.8734248 0
-0.1087115 0.9146129 0.3894432 0
-0.9562527 0.01081887 -0.2923424 0
-3.538535 1.613862 -3.622608 1

-0.4551642 -0.4016263 0.7946839 0
-0.18569 0.9156866 0.3564239 0
-0.8708301 0.01466657 -0.4913657 0
-3.283734 1.610308 -3.513314 1

-0.259255 0.5323213 0.8058672 0
0.175636 0.8464684 -0.502637 0
-0.9497048 0.01122814 -0.312946 0
-3.538633 1.599513 -3.622825 1

-0.3926598 0.5341821 0.7486445 0
0.2630749 0.8452488 -0.4651309 0
-0.881255 0.01431137 -0.4724252 0
-3.283847 1.595959 -3.513537 1

-0.2394209 0.9392436 0.2459666 0
0.613935 0.3427125 -0.7110785 0
-0.7521715 -0.01923955 -0.6586869 0
-4.353467 1.064781 -2.680415 1

-0.2520466 0.749655 0.6119568 0
-0.3033414 -0.6617056 0.6856607 0
0.9189433 -0.0128134 0.3941819 0
-3.350577 1.145089 -3.724312 1

-0.3104695 0.5928515 0.7430592 0
-0.2432122 -0.8052105 0.5408186 0
0.9189433 -0.0128134 0.3941819 0
-3.470754 1.457765 -3.433984 1

-0.3952625 -0.01915514 0.9183688 0
-0.004220014 -0.9997344 -0.02266864 0
0.9185586 -0.01283556 0.3950768 0
-3.500713 1.615695 -3.710484 1

0.4384566 -0.8971481 0.05368096 0
0.8839661 0.4412629 0.154569 0
-0.1623584 -0.0203195 0.986523 0
-3.718719 1.892824 -3.465601 1

-0.3934538 -0.01918038 0.9191445 0
-0.004222555 -0.9997344 -0.02266973 0
0.9193348 -0.01280062 0.3932685 0
-3.246086 1.612143 -3.601264 1

0.3620891 0.8859819 0.2897048 0
0.7105699 -0.4635047 0.5293908 0
0.6033094 0.01416875 -0.7973816 0
-3.266772 1.88652 -3.271743 1

0.3764979 -0.6730531 -0.6365923 0
-0.2237922 -0.7328798 0.6424989 0
-0.8989812 -0.09943506 -0.4265518 0
-3.204286 0.8784577 -2.763247 1

-0.2394209 0.9392436 0.2459666 0
0.6139318 0.3427124 -0.7110811 0
-0.7521741 -0.01924089 -0.658684 0
-4.322862 0.9447201 -2.711856 1

-0.32341 0.5475423 0.7717541 0
-0.2257199 -0.8366805 0.4990163 0
0.9189433 -0.0128134 0.3941819 0
-3.408926 1.339702 -3.58196 1

0.3764979 -0.6730531 -0.6365923 0
-0.2266719 -0.7331948 0.6411287 0
-0.8982593 -0.09708592 -0.4286085 0
-3.156159 0.7924233 -2.84462 1

-0.32341 0.5475423 0.7717541 0
-0.2257199 -0.8366805 0.4990163 0
0.9189433 -0.0128134 0.3941819 0
-3.370041 1.273869 -3.67475 1

-0.2394209 0.9392436 0.2459666 0
0.6139287 0.3427124 -0.7110839 0
-0.7521766 -0.01924229 -0.658681 0
-4.292258 0.8246595 -2.743297 1

0.3764979 -0.6730531 -0.6365923 0
-0.2295493 -0.7335021 0.6397518 0
-0.8975284 -0.09473583 -0.4306609 0
-3.108033 0.7063888 -2.925994 1

-0.0433729 -0.9959545 0.07870575 0
-0.6575499 0.08776894 0.7482815 0
-0.7521618 -0.01929776 -0.6586964 0
-4.261653 0.7045988 -2.774738 1

-0.08097063 0.9951736 -0.05545016 0
0.4206787 -0.01631312 -0.9070637 0
-0.9035896 -0.09677213 -0.4173273 0
-3.059906 0.6203547 -3.007368 1

-0.317549 0.4201922 0.8500599 0
0.1427715 0.9074264 -0.395215 0
-0.9374325 -0.004135852 -0.3481436 0
-4.203324 0.6158873 -2.837426 1

0.4504057 -1.928769E-05 -0.8928248 0
-8.859874E-06 -1.000001 1.69202E-05 0
-0.8928245 2.671732E-07 -0.4504058 0
-3.014998 0.538254 -3.087646 1

-0.3384664 0.007620208 0.9409478 0
0.02581419 0.9996666 0.001189729 0
-0.9406245 0.02469246 -0.33855 0
-4.148041 0.542362 -2.993032 1

0.4600118 0.000810625 -0.8879131 0
0.02250235 -0.9996897 0.01074525 0
-0.8876281 -0.02492304 -0.4598872 0
-2.93123 0.5409228 -3.247806 1

-0.3384664 0.007620208 0.9409478 0
0.02581419 0.9996666 0.001189729 0
-0.9406245 0.02469246 -0.33855 0
-4.054339 0.5402527 -3.253526 1

0.4600118 0.000810625 -0.8879131 0
0.02250235 -0.9996897 0.01074525 0
-0.8876281 -0.02492304 -0.4598872 0
-2.80388 0.5411474 -3.493617 1

-0.4419807 -0.02171798 0.8967617 0
-0.001198056 -0.9996917 -0.02480124 0
0.8970239 -0.01203604 0.4418186 0
-4.170361 1.697078 -1.737375 1

-0.4498657 -0.05160048 0.8916045 0
0.02964148 -0.9986421 -0.04283933 0
0.8926044 0.007156534 0.4507845 0
-4.117983 1.699652 -1.843607 1

0.3874006 0.05145619 -0.9204745 0
0.01074734 -0.9986254 -0.05130174 0
-0.9218489 0.00998167 -0.3874212 0
-4.302371 1.679391 -1.42372 1

0.168444 0.9423401 -0.2891747 0
0.22019 -0.3219251 -0.9208045 0
-0.9608034 0.09143059 -0.2617204 0
-4.603183 1.400275 -1.922117 1

0.09526259 -0.9830225 -0.1568185 0
-0.4323459 -0.1827588 0.8829929 0
-0.8966618 -0.01631635 -0.4424159 0
-3.741057 1.39094 -1.559795 1

-0.4191604 -0.04961661 0.9065557 0
0.04180112 -0.9985014 -0.03532149 0
0.9069495 0.02308966 0.4206063 0
-3.895813 1.725126 -2.283842 1

0.3874006 0.05145619 -0.9204745 0
